0.761786600496278 0.8596938775510203
0.7062034739454095 0.8596938775510203
0.5156327543424318 0.8520408163265305
0.39454094292803976 0.8112244897959183
0.2595533498759305 0.6581632653061223
0.2357320099255583 0.5076530612244897
0.2635235732009925 0.3545918367346939
0.2714640198511167 0.33673469387755106
0.38064516129032266 0.24489795918367352
0.4143920595533499 0.22704081632653061
0.4143920595533499 0.22704081632653061
0.45012406947890826 0.2142857142857143
0.47990074441687347 0.22193877551020413
0.4957816377171216 0.201530612244898
0.5553349875930521 0.16836734693877553
0.5732009925558313 0.17346938775510207
0.6307692307692307 0.14795918367346944
0.7161290322580646 0.13775510204081637
0.7359801488833747 0.16836734693877553
0.6625310173697271 0.17602040816326536
0.6228287841191067 0.17091836734693883
0.5692307692307693 0.20408163265306123
0.5652605459057072 0.20918367346938777
0.5255583126550869 0.2780612244897959
0.4818858560794045 0.33418367346938777
0.4540942928039703 0.38520408163265313
0.44813895781637725 0.4489795918367347
0.43424317617866004 0.461734693877551
0.46203473945409435 0.510204081632653
0.5176178660049628 0.6045918367346939
0.5533498759305211 0.6556122448979591
0.6089330024813896 0.711734693877551
0.6406947890818859 0.7244897959183673
0.6903225806451613 0.7499999999999999
0.7320099255583127 0.8035714285714285
0.7478908188585608 0.8265306122448979
0.6029776674937966 0.7806122448979591
0.5076923076923078 0.7576530612244897
0.44813895781637725 0.7091836734693877
0.3846153846153847 0.5994897959183673
0.35086848635235734 0.4209183673469388
0.3846153846153847 0.3112244897959184
0.432258064516129 0.2806122448979592
0.43821339950372207 0.27040816326530615
0.4104218362282879 0.3469387755102041
0.3985111662531018 0.3826530612244898
0.39454094292803976 0.4081632653061225
0.42431761786600497 0.5178571428571428
0.48982630272952854 0.645408163265306
0.5037220843672456 0.6811224489795917
0.4441687344913152 0.7627551020408162
0.36873449131513647 0.7091836734693877
0.319106699751861 0.6198979591836734
0.3052109181141439 0.4923469387755102
0.321091811414392 0.38010204081632654
0.3548387096774194 0.3494897959183674
0.36476426799007444 0.33418367346938777
0.33697270471464025 0.37244897959183676
0.30719602977667493 0.4540816326530613
0.3290322580645161 0.5459183673469388
0.3607940446650124 0.5076530612244897
0.3746898263027295 0.4974489795918367
0.36674937965260546 0.7321428571428571
0.319106699751861 0.6964285714285714
0.2853598014888338 0.5765306122448979
0.2774193548387097 0.41581632653061223
0.315136476426799 0.3010204081632653
0.36277915632754343 0.28316326530612246
0.34888337468982633 0.326530612244898
