0.20397022332506207 0.8392857142857142
0.20397022332506207 0.8112244897959183
0.21191066997518612 0.7040816326530611
0.21191066997518612 0.5994897959183673
0.21191066997518612 0.4719387755102041
0.20595533498759308 0.364795918367347
0.19602977667493796 0.22448979591836737
0.19404466501240694 0.11479591836734697
0.2099255583126551 0.0739795918367347
0.24962779156327544 0.07653061224489797
0.27940446650124073 0.07653061224489797
0.31315136476426797 0.07908163265306124
0.3330024813895782 0.22193877551020413
0.3429280397022333 0.2653061224489796
0.3409429280397023 0.33418367346938777
0.321091811414392 0.375
0.315136476426799 0.4081632653061225
0.315136476426799 0.4209183673469388
0.319106699751861 0.3035714285714286
0.32704714640198507 0.19132653061224492
0.3290322580645161 0.12244897959183675
0.3330024813895782 0.4387755102040816
0.3290322580645161 0.4744897959183673
0.3727047146401985 0.45918367346938777
0.41836228287841193 0.44132653061224486
0.49379652605459057 0.4311224489795919
0.541439205955335 0.413265306122449
0.5751861042183624 0.3469387755102041
0.5751861042183624 0.22704081632653061
0.5811414392059554 0.15051020408163268
0.6069478908188586 0.13520408163265307
0.6724565756823822 0.1403061224489796
0.6962779156327544 0.17091836734693883
0.6883374689826303 0.201530612244898
0.6883374689826303 0.28316326530612246
0.6883374689826303 0.38010204081632654
0.6883374689826303 0.48724489795918363
0.6883374689826303 0.5790816326530611
0.6883374689826303 0.6505102040816326
0.6823821339950372 0.7525510204081632
0.6784119106699752 0.8392857142857142
0.6764267990074442 0.8698979591836734
0.6168734491315137 0.8801020408163265
0.5990074441687345 0.8137755102040816
0.5990074441687345 0.760204081632653
0.5831265508684864 0.6887755102040816
0.5692307692307693 0.6198979591836734
0.545409429280397 0.6071428571428571
0.4679900744416874 0.6045918367346939
0.4163771712158809 0.6326530612244897
0.3727047146401985 0.6505102040816326
0.36277915632754343 0.6505102040816326
0.33498759305210923 0.7678571428571428
0.321091811414392 0.818877551020408
0.31315136476426797 0.846938775510204
0.2893300248138958 0.8494897959183673
0.25558312655086846 0.8494897959183673
0.2436724565756824 0.8494897959183673
0.32307692307692304 0.7831632653061223
0.33697270471464025 0.711734693877551
0.3429280397022333 0.6785714285714285
0.26947890818858566 0.7193877551020408
0.26749379652605465 0.7831632653061223
0.2774193548387097 0.7653061224489796
0.2893300248138958 0.7551020408163265
0.29727047146401986 0.6887755102040816
0.28138957816377175 0.5918367346938775
0.2734491315136477 0.5127551020408163
0.25359801488833744 0.5306122448979591
0.24764267990074443 0.635204081632653
0.24764267990074443 0.711734693877551
0.22977667493796525 0.7857142857142856
0.20595533498759308 0.7499999999999999
0.2079404466501241 0.635204081632653
0.2238213399503722 0.5561224489795917
0.2238213399503722 0.3826530612244898
0.24764267990074443 0.3494897959183674
0.2754342431761787 0.37244897959183676
0.2913151364764268 0.42346938775510207
0.2714640198511167 0.46428571428571425
0.2655086848635235 0.42346938775510207
0.2655086848635235 0.2908163265306123
0.2615384615384615 0.1938775510204082
0.20397022332506207 0.18622448979591838
0.2079404466501241 0.24489795918367352
0.2238213399503722 0.28316326530612246
0.23176178660049626 0.1658163265306123
0.2774193548387097 0.15306122448979598
0.3032258064516129 0.16071428571428575
0.29727047146401986 0.25510204081632654
0.29528535980148884 0.32142857142857145
0.2992555831265509 0.5535714285714285
0.32307692307692304 0.5637755102040816
0.3409429280397023 0.4923469387755102
0.3548387096774194 0.4795918367346939
0.3468982630272953 0.596938775510204
0.3568238213399504 0.5765306122448979
0.3965260545905708 0.489795918367347
0.430272952853598 0.5357142857142857
0.4124069478908189 0.5663265306122448
0.39454094292803976 0.5357142857142857
0.4679900744416874 0.4923469387755102
0.47791563275434246 0.48724489795918363
0.4441687344913152 0.5612244897959183
0.4838709677419355 0.5663265306122448
0.5215880893300249 0.5178571428571428
0.5196029776674939 0.45918367346938777
0.5573200992555831 0.48214285714285715
0.6029776674937966 0.5153061224489796
0.6248138957816377 0.5637755102040816
0.6307692307692307 0.6249999999999999
0.6307692307692307 0.6811224489795917
0.6605459057071961 0.7678571428571428
0.6426799007444169 0.808673469387755
0.6287841191066997 0.8010204081632653
0.5751861042183624 0.645408163265306
0.5712158808933003 0.5765306122448979
0.6228287841191067 0.6020408163265305
0.6248138957816377 0.6428571428571428
0.6287841191066997 0.7168367346938774
0.6406947890818859 0.7653061224489796
0.64863523573201 0.6071428571428571
0.654590570719603 0.5586734693877551
0.656575682382134 0.5127551020408163
0.6406947890818859 0.4719387755102041
0.6248138957816377 0.4362244897959184
0.6188585607940447 0.40561224489795916
0.6208436724565757 0.3673469387755102
0.6287841191066997 0.3520408163265306
0.6605459057071961 0.3545918367346939
0.64863523573201 0.43367346938775514
0.5930521091811415 0.461734693877551
0.5712158808933003 0.44132653061224486
0.5851116625310174 0.35714285714285715
0.6188585607940447 0.25510204081632654
0.6287841191066997 0.23979591836734698
0.64863523573201 0.2806122448979592
0.5831265508684864 0.29846938775510207
0.6049627791563276 0.3112244897959184
0.6089330024813896 0.22448979591836737
0.6109181141439206 0.1785714285714286
0.6367245657568239 0.17346938775510207
0.658560794044665 0.201530612244898
0.654590570719603 0.21173469387755106
0.656575682382134 0.25
